1.577909439802169800e-01 2.125843912363052368e-01 1.829373687505722046e-01 9.710974991321563721e-02 -3.389279842376708984e-01 -2.693539857864379883e-01 1.051160618662834167e-01 -1.506780683994293213e-01 6.249580904841423035e-02 6.914424896240234375e-02
8.311061561107635498e-02 3.267602324485778809e-01 -4.675631225109100342e-01 -7.324852049350738525e-02 -2.029896154999732971e-02 1.064255610108375549e-01 -1.648055166006088257e-01 4.531201347708702087e-02 -2.814760208129882812e-01 1.178968176245689392e-01
-2.542113363742828369e-01 -9.298475086688995361e-02 5.860601365566253662e-02 1.485440284013748169e-01 -4.263059794902801514e-02 2.118402719497680664e-02 -4.260435327887535095e-02 9.217555820941925049e-02 1.576538830995559692e-01 2.135442756116390228e-02
2.031712085008621216e-01 -2.782441973686218262e-01 2.825983241200447083e-02 -4.992386996746063232e-01 1.195008531212806702e-01 -2.104769945144653320e-01 4.075945168733596802e-02 2.955031394958496094e-01 -2.201356589794158936e-01 -1.017213538289070129e-01
-1.221535205841064453e-01 2.102148830890655518e-01 2.868799865245819092e-01 5.025127902626991272e-02 -7.029031962156295776e-02 -1.030927374958992004e-01 1.462697982788085938e-01 2.899856269359588623e-01 2.059112042188644409e-01 -5.328508615493774414e-01
2.048083841800689697e-01 -9.931540489196777344e-02 1.227349266409873962e-01 -3.481360375881195068e-01 1.966236084699630737e-01 -6.596230715513229370e-02 -6.794308871030807495e-02 -1.386670628562569618e-03 -1.538631021976470947e-01 1.953466385602951050e-01
-1.856585741043090820e-01 -2.907120287418365479e-01 1.259978264570236206e-01 -7.896888256072998047e-02 1.904882043600082397e-01 1.294562220573425293e-02 -3.755483329296112061e-01 1.385394185781478882e-01 1.248589158058166504e-01 1.183618158102035522e-01
-5.628259181976318359e-01 -2.242427170276641846e-01 -5.060132145881652832e-01 3.663375973701477051e-01 6.496582925319671631e-02 7.120415568351745605e-02 -1.050969064235687256e-01 -1.213505044579505920e-01 -3.937606215476989746e-01 1.903862506151199341e-01
-2.178599834442138672e-01 5.275631546974182129e-01 5.062693380750715733e-04 -4.633630514144897461e-01 -5.178956985473632812e-01 3.068294227123260498e-01 1.564262956380844116e-01 -4.103153347969055176e-01 5.999010056257247925e-02 9.647028148174285889e-02
9.778539091348648071e-02 -3.443794846534729004e-01 9.991054981946945190e-02 1.575978398323059082e-01 -2.322413027286529541e-01 1.618712395429611206e-01 -1.110032796859741211e-01 -2.959437966346740723e-01 1.740262806415557861e-01 1.663507670164108276e-01
-1.492238640785217285e-01 -1.593532860279083252e-01 1.002185568213462830e-01 1.183233037590980530e-01 8.979301154613494873e-02 8.175268769264221191e-02 -1.872191727161407471e-01 -1.347087174654006958e-01 -1.002055406570434570e-01 -5.885961651802062988e-01
3.655929267406463623e-01 -4.941214621067047119e-01 2.364535927772521973e-01 2.079948335886001587e-01 -4.318309426307678223e-01 2.319745123386383057e-01 3.833958506584167480e-02 1.225607693195343018e-01 -4.051302075386047363e-01 -1.587981730699539185e-01
-1.558582484722137451e-01 5.596458315849304199e-01 -2.611737847328186035e-01 -6.969105601310729980e-01 -2.343835979700088501e-01 4.662274420261383057e-01 2.183191925287246704e-01 -3.686085939407348633e-01 -4.840604364871978760e-01 4.797810316085815430e-02
-3.760737553238868713e-02 3.615171313285827637e-01 2.156526148319244385e-01 2.051370143890380859e-01 7.465266436338424683e-02 2.921282052993774414e-01 -4.206269681453704834e-01 -3.676811754703521729e-01 5.565176159143447876e-02 -3.012422919273376465e-01
6.330745667219161987e-02 1.152009740471839905e-01 -8.890433609485626221e-02 -1.783659607172012329e-01 7.811199873685836792e-02 1.856225430965423584e-01 2.193111628293991089e-01 -2.335493117570877075e-01 1.384688019752502441e-01 -4.561499655246734619e-01
-4.458765387535095215e-01 -1.507774442434310913e-01 -5.481921508908271790e-02 1.750596165657043457e-01 2.341483384370803833e-01 5.438983812928199768e-02 -4.891332685947418213e-01 1.690476387739181519e-01 3.810188174247741699e-02 2.351215630769729614e-01
-1.216910108923912048e-01 -9.792802482843399048e-02 3.390286490321159363e-02 -2.797439992427825928e-01 -2.080096155405044556e-01 1.869292408227920532e-01 5.894575640559196472e-02 -4.274042546749114990e-01 9.956978261470794678e-02 -9.719235450029373169e-02
7.219967246055603027e-02 -3.992511332035064697e-01 1.782341450452804565e-01 -2.857781946659088135e-02 -2.708969078958034515e-02 1.304356157779693604e-01 8.562574535608291626e-02 -4.065278172492980957e-01 1.495005190372467041e-01 1.984081566333770752e-01
-3.024018108844757080e-01 -3.305725753307342529e-01 -4.362201392650604248e-01 -4.985726773738861084e-01 -1.026442497968673706e-01 3.826815187931060791e-01 3.901912271976470947e-01 -9.865809231996536255e-02 -9.651737660169601440e-02 1.875559687614440918e-01
-5.131422281265258789e-01 1.614888161420822144e-01 -1.785670220851898193e-01 1.223351880908012390e-01 -7.873444259166717529e-02 6.991857290267944336e-02 4.492470249533653259e-02 -2.934309542179107666e-01 3.385466635227203369e-01 6.653781980276107788e-02
-1.017348095774650574e-01 8.750502020120620728e-02 -1.134138479828834534e-01 6.066061183810234070e-02 -1.321213096380233765e-01 -1.614284068346023560e-01 -6.588848829269409180e-01 -2.781473100185394287e-02 1.129337400197982788e-01 1.887208670377731323e-01
-1.859981417655944824e-01 -8.868600428104400635e-02 6.582278013229370117e-02 6.322752218693494797e-03 1.845311671495437622e-01 5.756498128175735474e-02 -4.014201462268829346e-02 4.207234084606170654e-02 1.356314569711685181e-01 8.004294335842132568e-02
-5.304142832756042480e-01 3.622174263000488281e-01 -2.132896035909652710e-01 4.242957830429077148e-01 -7.410043384879827499e-03 3.377916812896728516e-01 -7.118017673492431641e-01 -3.211976885795593262e-01 -7.479599118232727051e-01 -9.272715076804161072e-03
-4.177907705307006836e-01 -9.923892468214035034e-02 -7.409461140632629395e-01 -7.466352730989456177e-02 2.616739571094512939e-01 1.021543368697166443e-01 -4.597809016704559326e-01 -1.375012397766113281e-01 6.958130002021789551e-02 2.667917609214782715e-01
6.925755739212036133e-02 -3.876063525676727295e-01 -8.058825880289077759e-02 1.016266196966171265e-01 -1.783769428730010986e-01 1.961757242679595947e-01 -4.237466454505920410e-01 2.022715508937835693e-01 1.541993618011474609e-01 1.121273413300514221e-01
3.113935291767120361e-01 3.527325987815856934e-01 3.445539772510528564e-01 -1.375116854906082153e-01 -6.909049749374389648e-01 3.868189454078674316e-01 8.798069320619106293e-03 -3.792420327663421631e-01 -5.937142372131347656e-01 1.837106794118881226e-01
-1.114757964387536049e-03 -9.870816767215728760e-02 -2.820096313953399658e-01 1.933594197034835815e-01 -3.233447968959808350e-01 3.890565931797027588e-01 9.667882695794105530e-03 -2.869633436203002930e-01 1.580125242471694946e-01 2.320912778377532959e-01
-2.888760566711425781e-01 -2.740658521652221680e-01 -2.649847567081451416e-01 -6.281648874282836914e-01 3.428830206394195557e-01 3.011371791362762451e-01 1.008279100060462952e-01 2.966268956661224365e-01 -9.709528647363185883e-03 -1.315975934267044067e-01
-6.087987869977951050e-02 2.582511603832244873e-01 -1.246600374579429626e-01 2.430987656116485596e-01 5.888278484344482422e-01 -3.799264729022979736e-01 -9.844356775283813477e-02 3.487253785133361816e-01 -1.087693572044372559e-01 -4.078018367290496826e-01
-2.948810756206512451e-01 -1.782943308353424072e-01 2.861556410789489746e-01 2.852511405944824219e-01 -2.426177710294723511e-01 4.640341177582740784e-02 1.640540808439254761e-01 1.767665743827819824e-01 5.795851722359657288e-02 -3.016735017299652100e-01
1.349082738161087036e-01 -9.594843722879886627e-03 1.409506201744079590e-01 -1.278081089258193970e-01 -2.654092907905578613e-01 -3.294970989227294922e-01 2.303208857774734497e-01 3.061294555664062500e-01 -3.846909701824188232e-01 -9.820020943880081177e-02
-9.710485488176345825e-02 9.597145020961761475e-02 2.628010213375091553e-01 -9.888801723718643188e-02 -2.192491739988327026e-01 -3.168560937047004700e-02 -4.461995065212249756e-01 1.285092234611511230e-01 -4.733324050903320312e-01 -6.997828483581542969e-01
-5.628346800804138184e-01 -1.492451727390289307e-01 3.502146601676940918e-01 2.219900041818618774e-01 -7.890115380287170410e-01 2.873181998729705811e-01 -2.887260317802429199e-01 5.345628857612609863e-01 -1.212496906518936157e-01 -8.021312355995178223e-01
9.526537358760833740e-02 -2.452436601743102074e-04 2.677582204341888428e-01 -3.501262962818145752e-01 7.335615903139114380e-02 -2.195021957159042358e-01 2.115391343832015991e-01 -3.219821751117706299e-01 2.116421759128570557e-01 -5.738334655761718750e-01
1.354913562536239624e-01 -3.092819154262542725e-01 -1.935393512248992920e-01 2.114268578588962555e-02 2.107449024915695190e-01 -1.089929118752479553e-01 -1.795843541622161865e-01 2.918644994497299194e-02 1.758557707071304321e-01 1.310639381408691406e-01
2.017478495836257935e-01 -2.133848071098327637e-01 -1.299667358398437500e-01 3.103000856935977936e-02 8.528744429349899292e-02 -8.465892076492309570e-02 -1.420217100530862808e-02 -8.465776592493057251e-02 1.266029179096221924e-01 4.088394716382026672e-02
2.031193375587463379e-01 -4.613673686981201172e-01 -4.705705866217613220e-02 1.135929226875305176e-01 -2.175849080085754395e-01 -2.721010148525238037e-02 1.540015637874603271e-01 -2.285407185554504395e-01 3.181769698858261108e-02 4.086368903517723083e-02
4.681046307086944580e-01 -2.295124828815460205e-01 1.770130097866058350e-01 -4.331169649958610535e-02 -6.818301230669021606e-02 -5.930306315422058105e-01 -1.689230836927890778e-02 1.780260503292083740e-01 2.304822057485580444e-01 8.131271600723266602e-02
-9.598912000656127930e-01 1.078870221972465515e-01 2.382044643163681030e-01 -6.675332039594650269e-02 1.514829397201538086e-01 1.029207631945610046e-01 -5.421261861920356750e-02 3.224222660064697266e-01 7.147825509309768677e-02 -4.308367371559143066e-01
-3.183913528919219971e-01 1.461718678474426270e-01 1.065966188907623291e-01 1.412233114242553711e-01 -2.278241068124771118e-01 -1.758510470390319824e-01 2.254038900136947632e-01 -1.586072891950607300e-01 -1.770698651671409607e-02 6.193944439291954041e-02
-2.127359658479690552e-01 -2.550827562808990479e-01 3.248101845383644104e-02 6.708060204982757568e-02 -5.372209548950195312e-01 2.006803601980209351e-01 1.977913677692413330e-01 -1.510516460984945297e-02 -1.330754533410072327e-02 -3.266786634922027588e-01
-7.145764827728271484e-01 7.318075746297836304e-02 1.172883287072181702e-01 -3.809145987033843994e-01 -4.441682994365692139e-02 -7.480676770210266113e-01 -2.525427937507629395e-01 4.895990490913391113e-01 5.688580498099327087e-02 -3.934102132916450500e-03
1.561837345361709595e-01 -1.480038762092590332e-01 -1.935749202966690063e-01 -2.998526394367218018e-01 -4.139633476734161377e-01 1.720526665449142456e-01 1.262296587228775024e-01 2.907114326953887939e-01 -7.531534135341644287e-02 2.612174861133098602e-02
1.885444670915603638e-01 4.742087423801422119e-02 -1.806702464818954468e-01 2.762432992458343506e-01 1.208572760224342346e-01 -1.287668794393539429e-01 -1.148778572678565979e-01 -3.001902401447296143e-01 1.672088354825973511e-02 -2.821017801761627197e-01
-9.187273681163787842e-02 -2.219553142786026001e-01 -4.522788524627685547e-02 -5.266185402870178223e-01 2.199748307466506958e-01 1.700758188962936401e-01 4.345861449837684631e-02 1.240975931286811829e-01 2.101421952247619629e-01 -1.852084994316101074e-01
-2.203329205513000488e-01 1.402162015438079834e-01 -2.048412263393402100e-01 2.061426490545272827e-01 -8.499878644943237305e-02 -2.088335342705249786e-02 -1.862181127071380615e-01 2.547180354595184326e-01 -4.387017190456390381e-01 7.235558331012725830e-02
8.713605999946594238e-02 7.317098230123519897e-02 1.764657497406005859e-01 -2.736745402216911316e-02 1.435787379741668701e-01 2.040106616914272308e-02 -6.294120103120803833e-02 -2.805547714233398438e-01 1.282925903797149658e-01 -6.484037637710571289e-02
-1.374928057193756104e-01 -5.159432440996170044e-02 1.152022629976272583e-01 -1.792736118659377098e-03 3.601353615522384644e-02 -6.310971081256866455e-02 2.670192122459411621e-01 -4.808155000209808350e-01 1.100581958889961243e-01 -2.019520699977874756e-01
-7.742664217948913574e-01 -2.081853002309799194e-01 -9.295793175697326660e-01 3.202858269214630127e-01 2.434108704328536987e-01 2.579738199710845947e-01 -3.481168150901794434e-01 -4.694147408008575439e-01 -1.483664214611053467e-01 2.584943771362304688e-01
-6.779296398162841797e-01 1.657684147357940674e-01 3.612748533487319946e-02 -1.100281998515129089e-02 1.450860500335693359e-01 1.424150317907333374e-01 1.221382990479469299e-01 -1.023116931319236755e-01 6.867525726556777954e-02 -4.466833472251892090e-01
-1.422263979911804199e-01 7.613407913595438004e-03 1.394559442996978760e-01 -2.920333743095397949e-01 -1.645259559154510498e-01 6.443306058645248413e-02 1.188294440507888794e-01 -4.360125958919525146e-02 2.705324590206146240e-01 -5.352528095245361328e-01
3.104428648948669434e-01 1.307577639818191528e-01 -3.965292870998382568e-01 1.472674757242202759e-01 1.938534379005432129e-01 -2.966486662626266479e-02 2.341135889291763306e-01 -3.233033418655395508e-02 1.328322887420654297e-01 1.720549911260604858e-01
-3.467623889446258545e-01 1.987578719854354858e-01 3.781202714890241623e-03 1.503431499004364014e-01 -4.669032990932464600e-01 7.297445833683013916e-02 -1.567521989345550537e-01 -5.515461042523384094e-02 1.943348199129104614e-01 -4.312425255775451660e-01
1.564708948135375977e-01 -8.083273470401763916e-02 4.629573225975036621e-02 2.079662829637527466e-01 -7.900370955467224121e-01 2.936933040618896484e-01 -4.724145531654357910e-01 1.346102505922317505e-01 -2.202430665493011475e-01 -2.167423022910952568e-03
-1.067962422966957092e-01 -7.798267155885696411e-02 1.349170953035354614e-01 3.721100464463233948e-02 1.509968638420104980e-01 -6.235187649726867676e-01 -5.925804972648620605e-01 1.271730512380599976e-01 1.921529881656169891e-02 -3.667688928544521332e-03
-4.311820492148399353e-02 -1.118044853210449219e-01 4.048498570919036865e-01 -1.923876106739044189e-01 2.623514831066131592e-01 7.317207753658294678e-02 1.499683409929275513e-01 -3.091249465942382812e-01 -1.092670410871505737e-01 -1.940870434045791626e-01
2.787663973867893219e-02 -2.312247902154922485e-01 2.273782342672348022e-01 8.274628967046737671e-02 -7.994230389595031738e-01 -2.619029581546783447e-01 -2.962701618671417236e-01 1.903251409530639648e-01 -1.225187443196773529e-02 2.067086994647979736e-01
5.466871336102485657e-02 1.528141349554061890e-01 -9.641797095537185669e-02 1.708902120590209961e-01 -1.282037794589996338e-01 2.016841769218444824e-01 -2.035498619079589844e-01 4.058501720428466797e-01 -4.664712250232696533e-01 -7.021637558937072754e-01
7.426510751247406006e-02 -4.786326885223388672e-01 6.962704937905073166e-03 -1.527552008628845215e-01 1.014345809817314148e-01 1.588659584522247314e-01 1.972798109054565430e-01 -2.137617319822311401e-01 1.981269121170043945e-01 2.078581452369689941e-01
2.853345870971679688e-01 2.812618017196655273e-01 -8.659202605485916138e-02 -4.391724765300750732e-01 1.460363417863845825e-01 -3.035548329353332520e-01 -6.731259822845458984e-02 2.474435120820999146e-01 -1.238753050565719604e-01 1.881757751107215881e-02
2.173016220331192017e-01 1.101764068007469177e-01 7.084271311759948730e-02 1.922890990972518921e-01 -6.744313240051269531e-01 -4.627642333507537842e-01 -4.881520867347717285e-01 1.496914029121398926e-01 1.118251532316207886e-01 6.839887797832489014e-02
2.012309134006500244e-01 9.279365837574005127e-02 2.157999128103256226e-01 -6.667740643024444580e-02 2.492874264717102051e-01 2.395903617143630981e-01 -5.668673664331436157e-03 -4.543251693248748779e-01 -4.782226681709289551e-02 -3.926791548728942871e-01
2.422231882810592651e-01 -4.197902381420135498e-01 2.371413409709930420e-01 -9.004175662994384766e-02 -3.124627768993377686e-01 -2.474897801876068115e-01 4.686425030231475830e-01 1.874161884188652039e-02 1.893051899969577789e-02 2.083126008510589600e-01
-1.451477110385894775e-01 2.731246650218963623e-01 -2.146310508251190186e-01 2.118374453857541084e-03 1.395375430583953857e-01 -8.014270663261413574e-02 -2.539485991001129150e-01 4.261520225554704666e-04 -8.098660111427307129e-01 4.291835725307464600e-01
-7.769898176193237305e-01 1.142985001206398010e-01 -1.387749910354614258e-01 -1.556522250175476074e-01 1.997929811477661133e-01 2.531569600105285645e-01 -3.105275705456733704e-02 -5.638084188103675842e-02 -3.247774541378021240e-01 1.704668551683425903e-01
6.611010432243347168e-02 -1.350036263465881348e-01 2.487287856638431549e-02 -1.730176508426666260e-01 7.322360575199127197e-02 -2.081935554742813110e-01 -9.532883018255233765e-02 -7.230065017938613892e-02 1.593703180551528931e-01 1.293129771947860718e-01
7.056088000535964966e-02 -1.806562989950180054e-01 -5.173675417900085449e-01 4.706908017396926880e-02 7.181258499622344971e-02 -3.567600548267364502e-01 3.235885798931121826e-01 3.645395040512084961e-01 -3.395749032497406006e-01 -3.514295518398284912e-01
-1.095718797296285629e-02 1.561762690544128418e-01 3.454638123512268066e-01 -1.386908888816833496e-01 -2.071630209684371948e-01 -2.505498826503753662e-01 -1.736483275890350342e-01 2.342420369386672974e-01 1.264246255159378052e-01 1.757303029298782349e-01
-7.468511164188385010e-02 8.530957251787185669e-02 -6.473104357719421387e-01 3.588553369045257568e-01 -2.199896872043609619e-01 3.663997352123260498e-01 2.433459907770156860e-01 2.931562364101409912e-01 2.050575762987136841e-01 -5.009771138429641724e-02
-1.541008204221725464e-01 -4.956943094730377197e-01 -1.920904368162155151e-01 -2.392288297414779663e-01 -4.501284658908843994e-02 2.228461056947708130e-01 9.163390100002288818e-02 -5.096967220306396484e-01 2.904691994190216064e-01 -1.141038239002227783e-01
-1.121516227722167969e-01 -5.881985425949096680e-01 -1.471063196659088135e-01 2.909875214099884033e-01 -8.609867095947265625e-01 4.162748456001281738e-01 1.154079586267471313e-01 5.134112238883972168e-01 6.830279529094696045e-02 -3.908337354660034180e-01
-5.494851246476173401e-02 1.266502887010574341e-01 -1.402841061353683472e-01 1.994341844692826271e-03 -1.550691872835159302e-01 -8.588915318250656128e-02 -1.497341394424438477e-01 9.086223319172859192e-03 -3.765103220939636230e-02 -7.551183551549911499e-02
1.610871851444244385e-01 -1.460324674844741821e-01 4.739589244127273560e-02 1.645338535308837891e-01 2.253181189298629761e-01 -5.108273401856422424e-02 1.826178282499313354e-01 4.746051970869302750e-03 -5.345624685287475586e-01 7.634929567575454712e-02
1.198920905590057373e-01 -5.528209358453750610e-02 2.398327440023422241e-01 -7.563558220863342285e-02 -7.643457055091857910e-01 1.215437501668930054e-01 -1.665224134922027588e-01 4.853728413581848145e-02 -1.554275006055831909e-01 -1.310314238071441650e-01
-1.181990429759025574e-01 1.029105670750141144e-02 -2.945562303066253662e-01 -3.106247782707214355e-01 2.148748934268951416e-01 -3.464903235435485840e-01 1.073752120137214661e-01 1.810794621706008911e-01 -7.289334535598754883e-01 1.383434534072875977e-01
-2.829143404960632324e-01 1.320153772830963135e-01 -4.295109510421752930e-01 -2.495584040880203247e-01 1.733205616474151611e-01 3.109506368637084961e-01 3.158148825168609619e-01 -3.870696723461151123e-01 2.121485471725463867e-01 -2.179131805896759033e-01
-2.003810741007328033e-02 3.899844288825988770e-01 -2.788929045200347900e-01 -3.816083669662475586e-01 -1.206364184617996216e-01 -3.627612590789794922e-01 5.109176039695739746e-01 -2.281444706022739410e-02 -2.912211418151855469e-01 -6.147819384932518005e-02
-2.056844979524612427e-01 1.182551756501197815e-01 1.585468947887420654e-01 5.654789879918098450e-02 1.814754605293273926e-01 2.800308167934417725e-02 -1.217885836958885193e-01 -2.258321791887283325e-01 1.847293525934219360e-01 1.088165678083896637e-03
-3.358414769172668457e-01 -5.071984529495239258e-01 5.158663913607597351e-02 -1.194836199283599854e-01 1.288327276706695557e-01 6.819632649421691895e-02 2.331589311361312866e-01 -4.821842908859252930e-02 8.554951846599578857e-02 -2.324610352516174316e-01
-4.317443966865539551e-01 1.525795906782150269e-01 1.656260341405868530e-01 1.284073442220687866e-01 -4.436273593455553055e-03 -2.049197442829608917e-02 -1.725939512252807617e-01 2.563161551952362061e-01 6.556685268878936768e-02 -6.727172136306762695e-01
-4.858652949333190918e-01 2.072851806879043579e-01 3.878515362739562988e-01 3.590423166751861572e-01 -2.290898263454437256e-01 -2.872740924358367920e-01 -5.492489933967590332e-01 1.491135954856872559e-01 -5.994697809219360352e-01 4.852755069732666016e-01
-3.111644387245178223e-01 3.458846732974052429e-02 -1.400787532329559326e-01 3.724428117275238037e-01 -1.550067812204360962e-01 4.066047668457031250e-01 -7.956139445304870605e-01 -6.068593859672546387e-01 -2.457587867975234985e-01 3.619369566440582275e-01
1.266990154981613159e-01 -4.007380604743957520e-01 1.242856234312057495e-01 -6.123279333114624023e-01 2.942770421504974365e-01 -1.652845293283462524e-01 -1.998399347066879272e-01 8.557813707739114761e-04 7.873138785362243652e-02 2.112216800451278687e-01
1.340782791376113892e-01 2.184646427631378174e-01 7.819257676601409912e-02 -1.718433350324630737e-01 -3.741207420825958252e-01 -3.429610729217529297e-01 1.724915653467178345e-01 2.412986196577548981e-02 -3.463257551193237305e-01 3.459423482418060303e-01
1.464998275041580200e-01 -4.425849765539169312e-02 -5.557290315628051758e-01 -5.166376829147338867e-01 1.768617480993270874e-01 -2.652329020202159882e-02 1.090886965394020081e-01 -7.382880896329879761e-02 2.094587981700897217e-01 6.694848835468292236e-02
-2.711436748504638672e-01 1.806458830833435059e-01 -2.536528706550598145e-01 -4.312532842159271240e-01 -4.436371922492980957e-01 1.063727065920829773e-01 1.528959348797798157e-02 4.845171049237251282e-02 7.322746515274047852e-02 4.949383735656738281e-01
3.162914514541625977e-01 1.504181623458862305e-01 9.780704230070114136e-02 -5.570329260081052780e-03 -3.268148005008697510e-01 -1.681242883205413818e-01 1.990226954221725464e-01 4.169060289859771729e-02 -1.221541985869407654e-01 -5.244418382644653320e-01
2.355131953954696655e-01 1.364989727735519409e-01 -1.289484947919845581e-01 1.321611087769269943e-02 2.755517065525054932e-01 -2.517215907573699951e-01 -2.617653310298919678e-01 1.025891080498695374e-01 9.625412523746490479e-02 2.465357184410095215e-01
1.630567163228988647e-01 -3.180774450302124023e-01 -1.271732151508331299e-01 -1.723525077104568481e-01 1.961255371570587158e-01 -1.928613632917404175e-01 4.132236540317535400e-02 2.399522513151168823e-01 -1.897384971380233765e-01 1.541698873043060303e-01
-1.021853536367416382e-01 -2.200617492198944092e-01 -8.396016806364059448e-02 -4.016351103782653809e-01 1.245809644460678101e-01 -5.552496388554573059e-02 2.801677584648132324e-01 -2.295330464839935303e-01 1.983032673597335815e-01 -3.508517444133758545e-01
-3.216627538204193115e-01 4.283347129821777344e-01 9.765224158763885498e-02 3.328194618225097656e-01 3.156591355800628662e-01 -6.373271346092224121e-01 -5.394472479820251465e-01 8.984304219484329224e-02 -5.685672163963317871e-02 2.625571191310882568e-02
-2.711529135704040527e-01 3.523914813995361328e-01 -1.887813508510589600e-01 1.154354028403759003e-02 3.901632130146026611e-01 -3.724679052829742432e-01 -2.872199118137359619e-01 -2.891304790973663330e-01 -4.238671064376831055e-01 1.200604960322380066e-01
3.099722266197204590e-01 -1.166055873036384583e-01 3.551812469959259033e-01 -1.442419439554214478e-01 -2.942149937152862549e-01 -5.881298780441284180e-01 -4.072449170053005219e-03 6.982429325580596924e-02 2.278369665145874023e-01 3.371918573975563049e-02
-2.500793933868408203e-01 2.623780667781829834e-01 2.461139708757400513e-01 2.910374402999877930e-01 1.571420133113861084e-01 -6.168529391288757324e-01 -1.253731399774551392e-01 2.217805385589599609e-01 -1.948125958442687988e-01 -4.343739748001098633e-01
2.110934704542160034e-01 -1.415935754776000977e-01 -7.388625144958496094e-01 -1.830724030733108521e-01 4.381535351276397705e-01 1.530653834342956543e-01 9.497170895338058472e-02 2.100913375616073608e-01 -2.663820087909698486e-01 3.073066473007202148e-02
-8.583190292119979858e-02 -5.390673503279685974e-02 -7.482099533081054688e-02 -1.067613288760185242e-01 -8.427776694297790527e-01 3.866843879222869873e-01 1.719290763139724731e-01 2.584209740161895752e-01 4.157240688800811768e-02 -1.298160403966903687e-01
1.538163572549819946e-01 1.592041850090026855e-01 -8.646905422210693359e-02 -5.179125815629959106e-02 -3.888535201549530029e-01 -3.236694633960723877e-02 6.336141377687454224e-02 -3.939289152622222900e-01 1.069551855325698853e-01 -1.091947704553604126e-01
2.054272443056106567e-01 -1.986818760633468628e-01 -1.741347908973693848e-01 -9.224127233028411865e-02 -2.136333882808685303e-01 1.767943501472473145e-01 1.761495321989059448e-01 -3.032453656196594238e-01 1.062135919928550720e-01 2.541398629546165466e-02
-1.008808985352516174e-01 3.043338358402252197e-01 2.756302654743194580e-01 -7.681853175163269043e-01 1.492023319005966187e-01 -4.981103837490081787e-01 -2.056229412555694580e-01 -2.100726515054702759e-01 -1.265453994274139404e-01 2.296077609062194824e-01
-1.335263550281524658e-01 4.346637427806854248e-01 6.263560056686401367e-02 3.816238045692443848e-02 2.423492670059204102e-01 -4.668405055999755859e-01 -2.440492808818817139e-02 -9.200971573591232300e-02 3.563162684440612793e-02 1.397595740854740143e-03
-3.385933339595794678e-01 4.968799054622650146e-01 -3.068279922008514404e-01 -9.788733720779418945e-02 4.239813685417175293e-01 1.170192733407020569e-01 1.302082240581512451e-01 3.470519185066223145e-01 -4.568601548671722412e-01 -6.514602899551391602e-01
-6.463317871093750000e-01 -4.994803369045257568e-01 -2.177254408597946167e-01 2.996617555618286133e-01 -2.713277041912078857e-01 2.428313791751861572e-01 2.965059131383895874e-02 8.695224532857537270e-04 2.189905196428298950e-01 -1.976371109485626221e-01
-1.753282397985458374e-01 -1.952110081911087036e-01 2.696141898632049561e-01 4.912655800580978394e-02 -3.622907698154449463e-01 2.433402389287948608e-01 -2.311588823795318604e-01 -7.624477148056030273e-02 1.844331026077270508e-01 3.770712390542030334e-02
-1.983477771282196045e-01 -4.187224507331848145e-01 1.345452219247817993e-01 -6.459675729274749756e-02 2.583995833992958069e-02 -1.683394312858581543e-01 -7.622332870960235596e-02 -4.356569647789001465e-01 4.786626249551773071e-02 2.013737559318542480e-01
-3.142432272434234619e-01 6.003271415829658508e-02 1.504500955343246460e-01 4.134184420108795166e-01 -1.378789311274886131e-03 -2.259908169507980347e-01 -6.491610407829284668e-01 1.550183892250061035e-01 -1.656381934881210327e-01 1.070612147450447083e-01
-4.028035104274749756e-01 2.561993300914764404e-01 2.665983438491821289e-01 2.094926983118057251e-01 3.482220321893692017e-02 -5.580276250839233398e-01 -4.691237509250640869e-01 -2.256751805543899536e-01 2.218050509691238403e-01 2.411862611770629883e-01
6.640172749757766724e-02 -7.408291846513748169e-02 -3.100759349763393402e-02 -2.254721708595752716e-02 1.648761332035064697e-01 1.323972791433334351e-01 -1.200114488601684570e-01 -6.841733306646347046e-02 1.976434839889407158e-03 8.835572749376296997e-02
1.605365872383117676e-01 -8.187752217054367065e-02 3.283464610576629639e-01 -1.005686149001121521e-01 9.104335308074951172e-02 -9.227312356233596802e-02 1.633676588535308838e-01 -1.340179294347763062e-01 -6.685637831687927246e-01 -9.511128067970275879e-02
2.794778048992156982e-01 1.663715988397598267e-01 1.971060186624526978e-01 1.504378616809844971e-01 1.736730337142944336e-01 -2.778072953224182129e-01 2.933983318507671356e-02 -2.086631655693054199e-01 -5.917740464210510254e-01 2.985058426856994629e-01
-1.657923497259616852e-02 4.954156465828418732e-03 5.137699842453002930e-02 1.277747899293899536e-01 -1.747960001230239868e-01 4.793719053268432617e-01 -1.291393395513296127e-02 -3.629924058914184570e-01 -6.297960877418518066e-01 4.373045861721038818e-01
8.851690590381622314e-02 -1.123590692877769470e-01 -4.309426546096801758e-01 2.996574044227600098e-01 -1.296524405479431152e-01 4.256141185760498047e-01 1.348698735237121582e-01 -6.262054443359375000e-01 -2.239032238721847534e-01 4.650826752185821533e-02
-3.769265115261077881e-02 -9.254541993141174316e-02 -1.225513890385627747e-01 1.909783184528350830e-01 -1.167047545313835144e-01 1.211710125207901001e-01 -2.677706182003021240e-01 9.970302134752273560e-02 2.310619652271270752e-01 7.915769517421722412e-02
2.485553734004497528e-03 1.940975189208984375e-01 2.084334641695022583e-01 7.811335474252700806e-02 -8.001599311828613281e-01 -4.072498679161071777e-01 -6.046604737639427185e-02 3.391408324241638184e-01 -4.369804859161376953e-01 -2.806453779339790344e-02
-4.046676754951477051e-01 3.265800774097442627e-01 1.417397260665893555e-01 4.226362705230712891e-01 5.502494797110557556e-02 -3.277624547481536865e-01 -1.438537389039993286e-01 -6.748645007610321045e-02 -2.349015772342681885e-01 -1.980443745851516724e-01
2.089203000068664551e-01 -2.806485593318939209e-01 -5.297721922397613525e-02 1.381319165229797363e-01 -4.057958126068115234e-01 2.256052382290363312e-02 -4.931806027889251709e-02 -4.403312876820564270e-02 1.765219867229461670e-01 -6.084296852350234985e-02
2.504917085170745850e-01 -8.358166366815567017e-02 -4.052684605121612549e-01 -2.110143303871154785e-01 4.567450657486915588e-02 2.254122197628021240e-01 2.362490147352218628e-01 -3.426161408424377441e-02 -1.352925896644592285e-01 2.052574753761291504e-01
5.138310370966792107e-04 -4.427832365036010742e-01 3.047707080841064453e-01 -1.572683602571487427e-01 -1.852030456066131592e-01 -8.587286621332168579e-02 2.950268387794494629e-01 -1.411054283380508423e-01 -2.496501207351684570e-01 -6.815958023071289062e-01
1.226161886006593704e-02 5.057116746902465820e-01 -2.045152485370635986e-01 -3.132637739181518555e-01 6.800709366798400879e-01 2.086128890514373779e-01 -3.601875603199005127e-01 3.137065842747688293e-02 -2.049657851457595825e-01 -7.342537045478820801e-01
2.502022385597229004e-01 -3.631379902362823486e-01 -1.253175139427185059e-01 2.126072347164154053e-01 -3.769591152667999268e-01 1.898805052042007446e-02 4.140907153487205505e-02 -2.439426928758621216e-01 2.694709785282611847e-02 6.185706332325935364e-02
-2.632138133049011230e-01 -1.245693713426589966e-01 -9.596821665763854980e-02 1.615824699401855469e-01 -5.831848457455635071e-02 -4.689181745052337646e-01 2.256234735250473022e-01 2.979233395308256149e-03 6.122561544179916382e-02 7.208631187677383423e-02
-6.450125575065612793e-01 -6.557401269674301147e-02 -2.091306298971176147e-01 -2.994924969971179962e-02 1.988548487424850464e-01 2.218085080385208130e-01 -3.391231000423431396e-01 1.028504595160484314e-01 1.977846622467041016e-01 5.708169192075729370e-02
-4.194447100162506104e-01 1.697514355182647705e-01 1.170647740364074707e-01 -3.409010171890258789e-01 1.268212497234344482e-01 -2.427936941385269165e-01 1.840990618802607059e-03 2.702132165431976318e-01 -3.512016236782073975e-01 -1.160334125161170959e-01
2.300286144018173218e-01 1.602864861488342285e-01 2.438752949237823486e-01 2.153017744421958923e-02 -6.096817255020141602e-01 8.690160512924194336e-02 -1.355110257863998413e-01 -1.686364263296127319e-01 -1.671673543751239777e-02 -4.471584558486938477e-01
1.152892634272575378e-01 1.627120524644851685e-01 -2.019740492105484009e-01 -3.282568603754043579e-02 -1.204769313335418701e-01 5.847640335559844971e-02 7.103046774864196777e-02 8.463282883167266846e-02 2.144003510475158691e-01 -2.354085296392440796e-01
1.156502310186624527e-02 2.652247250080108643e-01 -4.143283702433109283e-03 -6.482752561569213867e-01 3.080501854419708252e-01 -4.535042941570281982e-01 -8.893838524818420410e-02 3.115980625152587891e-01 -2.051864378154277802e-02 -2.492243647575378418e-01
6.288871169090270996e-02 8.889510296285152435e-03 1.465007662773132324e-01 -1.333197653293609619e-01 5.118325948715209961e-01 -3.880483806133270264e-01 -1.837379187345504761e-01 1.567369699478149414e-01 -3.160178661346435547e-01 -1.838831454515457153e-01
-4.373473301529884338e-02 -4.902278482913970947e-01 8.565711230039596558e-02 -2.176048308610916138e-01 6.508691585622727871e-04 3.759213685989379883e-01 -7.901498675346374512e-01 2.359623461961746216e-01 -2.947548627853393555e-01 6.882938742637634277e-02
9.345491230487823486e-02 1.149039119482040405e-01 1.442053914070129395e-01 -8.575549349188804626e-03 -7.386626303195953369e-02 -8.843255043029785156e-02 -3.893076777458190918e-01 1.726916730403900146e-01 2.584904730319976807e-01 -9.587601572275161743e-02