-1.587603986263275146e-01
-5.632911622524261475e-02
2.568115107715129852e-02
1.188871338963508606e-01
-5.733005702495574951e-03
3.491554036736488342e-02
1.123722866177558899e-01
-1.454249490052461624e-02
3.791648522019386292e-02
-1.206628233194351196e-01
6.707008928060531616e-02
7.475285977125167847e-02
1.084686741232872009e-01
1.624364256858825684e-01
8.662868291139602661e-02
8.198139071464538574e-02
7.341206818819046021e-02
2.078415825963020325e-02
5.327484384179115295e-02
1.274109818041324615e-02
-6.716427393257617950e-03
-2.440652996301651001e-02
5.199283827096223831e-03
1.611289829015731812e-01
1.354446858167648315e-01
8.038412779569625854e-02
-5.759722366929054260e-02
1.406407505273818970e-01
-7.895973324775695801e-02
-5.501466989517211914e-02
1.094281077384948730e-01
1.023412942886352539e-01
-5.911723896861076355e-02
7.968860119581222534e-02
3.878615796566009521e-02
-1.495873788371682167e-03
-1.557707339525222778e-01
-4.782323166728019714e-02
7.639752328395843506e-02
-5.708609148859977722e-02
-1.027354691177606583e-02
4.955300595611333847e-03
9.383071959018707275e-02
-2.418433502316474915e-02
1.104619428515434265e-01
2.205009572207927704e-02
9.425940364599227905e-02
4.945899918675422668e-02
2.563470602035522461e-02
4.230590537190437317e-02
8.721398562192916870e-02
-9.559352695941925049e-02
-7.373625040054321289e-02
3.166911378502845764e-02
-5.701366811990737915e-02
1.476778835058212280e-01
-6.419204175472259521e-02
1.948869675397872925e-01
2.787877991795539856e-02
3.501288220286369324e-02
-9.141371399164199829e-02
9.459751844406127930e-02
4.521716013550758362e-02
7.187920063734054565e-02
6.318195164203643799e-02
1.580950804054737091e-02
7.118295133113861084e-02
-3.809113055467605591e-03
9.264053404331207275e-02
4.405615851283073425e-02
2.125169709324836731e-02
-2.045209705829620361e-02
-1.470058783888816833e-02
4.920137673616409302e-02
1.200853437185287476e-01
7.738157361745834351e-02
-2.796927699819207191e-03
3.620664402842521667e-02
1.475731283426284790e-01
-8.723421394824981689e-02
7.831313461065292358e-02
-8.407661318778991699e-02
2.108347602188587189e-02
-1.996142603456974030e-02
9.039083123207092285e-02
1.211099177598953247e-01
-1.144317388534545898e-01
-3.263035789132118225e-02
3.960429877042770386e-02
6.174098700284957886e-02
-2.895140089094638824e-02
2.696941606700420380e-02
1.566856354475021362e-02
-1.316393613815307617e-01
8.596578240394592285e-02
7.376024127006530762e-02
-8.384109288454055786e-02
5.416135862469673157e-02
4.368877038359642029e-02
-4.936697334051132202e-02
1.131341680884361267e-01
-1.033444181084632874e-01
-2.055293135344982147e-02
-1.198844518512487411e-02
4.504736885428428650e-02
-7.721537351608276367e-02
-1.593548618257045746e-02
7.287885993719100952e-03
-7.071202248334884644e-02
4.600089788436889648e-02
-1.010972633957862854e-02
2.917447872459888458e-02
3.011082066223025322e-03
-7.577355206012725830e-02
-1.326960176229476929e-01
9.728755801916122437e-02
1.405869573354721069e-01
3.919016197323799133e-02
-9.354986995458602905e-02
-1.007585898041725159e-01
1.709593534469604492e-01
1.561709940433502197e-01
1.574845239520072937e-02
1.405343320220708847e-02
-7.893069833517074585e-02
8.900633454322814941e-02
3.196871876716613770e-01
-3.789859265089035034e-02